
805034
805036
805038
805040
805042
805044
805046
805048
805050
805052
805055
805057
805059
805061
805063
805065
805067
805069
805071
805073
805075
805077
null
805079
805081
null
805083
805085
null
805087
805089
805091
805093
805095
805097
805099
805101
805103
805105
805107
805109
805111
805113
805115
805117
805119
805121
805123
805125
805127
805491
805493
805495
805497
805499
805501
805503
805505
805507
805509
null
805511
null
805513
805515
805517
805519
805521
805523
805525
805527
null
805541
805543
805545
805551
805553
805555
null
805557
805559
805561
805563
805565
805567
null
805569
null
805571
805573
null
805575
805577
805579
null
null
805581
805584
null
805586
805595
805597
805599
805601
805603
805605
805607
805609
805611
805613
805615
805617
805619
805621
805623
805625
805627
805629
805631
805633
805635
805637
805639
805641
805643
805645
805647
805649
805651
805653
805655
805657
805659
805661
805663
805665
805667
805669
805671
805673
805675
805677
805679
805681
805683
805685
805687
805689
805691
805693
805734
805736
805738
805740
805742
805744
805746
805748
805750
805752
805754
805756
805758
805760
805762
805764
805766
805768
805770
805772
805774
805776
805778
805780
805782
805784
805786
805788
805790
805792
805794
805796
805798
805800
805802
805804
805806
805808
805810
805812
805814
805816
805818
805820
805822
805824
805826
805828
805830
805832
